{
  "voltage_source": {
    "source": {
      "source_id": "vsource.source",
      "rs": [
        [
          0.0,
          0.0,
          0.0,
          0.0
        ],
        [
          0.0,
          0.0,
          0.0,
          0.0
        ],
        [
          0.0,
          0.0,
          0.0,
          0.0
        ],
        [
          0.0,
          0.0,
          0.0,
          0.0
        ]
      ],
      "va": [
        0.0,
        -119.99999999999999,
        120.00000000000001,
        0.0
      ],
      "status": "ENABLED",
      "connections": [
        1,
        2,
        3,
        4
      ],
      "vm": [
        0.24017771198288432,
        0.24017771198288432,
        0.24017771198288432,
        0.0
      ],
      "xs": [
        [
          0.0,
          -0.0,
          -0.0,
          -0.0
        ],
        [
          -0.0,
          0.0,
          -0.0,
          -0.0
        ],
        [
          -0.0,
          -0.0,
          0.0,
          -0.0
        ],
        [
          -0.0,
          -0.0,
          -0.0,
          0.0
        ]
      ],
      "bus": "sourcebus",
      "configuration": "WYE"
    }
  },
  "name": "enwl_network_23_feeder_3_kron",
  "line": {
    "_virtual.line48+line5+line2+line8+line31+line33+line46+line13+line24+line9+line55+line38+line47+line6+line15+line39+line28+line37+line50+line26+line14+line27+line10+line32+line53+line45+line4+line21+line20+line36+line0+line16+line11+line35+line54+line7+line18+line22+line51+line44+line19+line29+line12+line42+line34+line40+line52+line25+line3+line43+line23+line49+line17+line41+line1+line30": {
      "xs": [
        [
          0.0001077764766508353,
          6.237651171317319e-5,
          1.8231150831576157e-5
        ],
        [
          6.237651171317319e-5,
          0.00014371307211967548,
          6.237653070887707e-5
        ],
        [
          1.8231150831576157e-5,
          6.237653070887707e-5,
          0.00010777585847316996
        ]
      ],
      "f_connections": [
        1,
        2,
        3
      ],
      "length": 66.12562900000002,
      "status": "ENABLED",
      "g_to": [
        [
          0.0,
          0.0,
          0.0
        ],
        [
          0.0,
          0.0,
          0.0
        ],
        [
          0.0,
          0.0,
          0.0
        ]
      ],
      "g_fr": [
        [
          0.0,
          0.0,
          0.0
        ],
        [
          0.0,
          0.0,
          0.0
        ],
        [
          0.0,
          0.0,
          0.0
        ]
      ],
      "source_id": "line._virtual.line48+line5+line2+line8+line31+line33+line46+line13+line24+line9+line55+line38+line47+line6+line15+line39+line28+line37+line50+line26+line14+line27+line10+line32+line53+line45+line4+line21+line20+line36+line0+line16+line11+line35+line54+line7+line18+line22+line51+line44+line19+line29+line12+line42+line34+line40+line52+line25+line3+line43+line23+line49+line17+line41+line1+line30",
      "t_connections": [
        1,
        2,
        3
      ],
      "f_bus": "56",
      "b_fr": [
        [
          0.0,
          0.0,
          0.0
        ],
        [
          0.0,
          0.0,
          0.0
        ],
        [
          0.0,
          0.0,
          0.0
        ]
      ],
      "t_bus": "sourcebus",
      "b_to": [
        [
          0.0,
          0.0,
          0.0
        ],
        [
          0.0,
          0.0,
          0.0
        ],
        [
          0.0,
          0.0,
          0.0
        ]
      ],
      "rs": [
        [
          0.0002325371983899665,
          9.958510290398689e-5,
          9.443130030537963e-5
        ],
        [
          9.958510290398689e-5,
          0.00023833892999955157,
          9.958504474491885e-5
        ],
        [
          9.443130030537963e-5,
          9.958504474491885e-5,
          0.00023253752903738766
        ]
      ]
    },
    "line56": {
      "length": 20.1692,
      "t_connections": [
        1,
        2,
        3
      ],
      "f_bus": "56",
      "source_id": "line.line56",
      "status": "ENABLED",
      "t_bus": "57",
      "linecode": "lc1",
      "f_connections": [
        1,
        2,
        3
      ]
    },
    "line57": {
      "length": 20.1692,
      "t_connections": [
        1,
        2,
        3
      ],
      "f_bus": "56",
      "source_id": "line.line57",
      "status": "ENABLED",
      "t_bus": "58",
      "linecode": "lc1",
      "f_connections": [
        1,
        2,
        3
      ]
    }
  },
  "conductor_ids": [
    1,
    2,
    3,
    4
  ],
  "settings": {
    "sbase_default": 1000,
    "vbases_default": {
      "sourcebus": 0.24017771198288432
    },
    "voltage_scale_factor": 1000.0,
    "power_scale_factor": 1000.0,
    "base_frequency": 50.0
  },
  "files": [
    "data/three-wire-modified/network_23/Feeder_3/Master.dss",
    "data/three-wire-modified/network_23/Feeder_3/LineCode.txt",
    "data/three-wire-modified/network_23/Feeder_3/Lines.txt",
    "data/three-wire-modified/network_23/Feeder_3/Loads.txt"
  ],
  "load": {
    "load2": {
      "source_id": "load.load2",
      "qd_nom": [
        0.10057733618473214
      ],
      "status": "ENABLED",
      "model": "POWER",
      "connections": [
        2,
        4
      ],
      "vm_nom": 0.23,
      "pd_nom": [
        0.306
      ],
      "dispatchable": "NO",
      "bus": "58",
      "configuration": "WYE"
    },
    "load1": {
      "source_id": "load.load1",
      "qd_nom": [
        0.6468503189920027
      ],
      "status": "ENABLED",
      "model": "POWER",
      "connections": [
        1,
        4
      ],
      "vm_nom": 0.23,
      "pd_nom": [
        1.968
      ],
      "dispatchable": "NO",
      "bus": "57",
      "configuration": "WYE"
    }
  },
  "bus": {
    "58": {
      "rg": [
        0.0
      ],
      "grounded": [
        4
      ],
      "status": "ENABLED",
      "terminals": [
        1,
        2,
        3,
        4
      ],
      "xg": [
        0.0
      ]
    },
    "57": {
      "rg": [
        0.0
      ],
      "grounded": [
        4
      ],
      "status": "ENABLED",
      "terminals": [
        1,
        2,
        3,
        4
      ],
      "xg": [
        0.0
      ]
    },
    "56": {
      "rg": [],
      "grounded": [],
      "status": "ENABLED",
      "terminals": [
        1,
        2,
        3
      ],
      "xg": []
    },
    "sourcebus": {
      "rg": [
        0.0
      ],
      "grounded": [
        4
      ],
      "status": "ENABLED",
      "terminals": [
        1,
        2,
        3,
        4
      ],
      "xg": [
        0.0
      ]
    }
  },
  "linecode": {
    "lc8": {
      "b_fr": [
        [
          0.0,
          0.0,
          0.0
        ],
        [
          0.0,
          0.0,
          0.0
        ],
        [
          0.0,
          0.0,
          0.0
        ]
      ],
      "rs": [
        [
          0.0001698545626187604,
          6.410019258565515e-5,
          6.319856261876039e-5
        ],
        [
          6.410019258565515e-5,
          0.00017321094309067291,
          6.410019258565515e-5
        ],
        [
          6.319856261876039e-5,
          6.410019258565515e-5,
          0.0001698545626187604
        ]
      ],
      "cm_ub": [
        419.0,
        419.0,
        419.0
      ],
      "xs": [
        [
          9.071426854225961e-5,
          4.2620448825716835e-5,
          8.149268542259613e-6
        ],
        [
          4.2620448825716835e-5,
          0.00011502590419087233,
          4.2620448825716835e-5
        ],
        [
          8.149268542259613e-6,
          4.2620448825716835e-5,
          9.071426854225961e-5
        ]
      ],
      "b_to": [
        [
          0.0,
          0.0,
          0.0
        ],
        [
          0.0,
          0.0,
          0.0
        ],
        [
          0.0,
          0.0,
          0.0
        ]
      ],
      "g_to": [
        [
          0.0,
          0.0,
          0.0
        ],
        [
          0.0,
          0.0,
          0.0
        ],
        [
          0.0,
          0.0,
          0.0
        ]
      ],
      "g_fr": [
        [
          0.0,
          0.0,
          0.0
        ],
        [
          0.0,
          0.0,
          0.0
        ],
        [
          0.0,
          0.0,
          0.0
        ]
      ]
    },
    "lc1": {
      "b_fr": [
        [
          0.0,
          0.0,
          0.0
        ],
        [
          0.0,
          0.0,
          0.0
        ],
        [
          0.0,
          0.0,
          0.0
        ]
      ],
      "rs": [
        [
          0.0015112190183206278,
          0.00035164631918609466,
          0.00035924119542631033
        ],
        [
          0.00035164631918609466,
          0.0014959834903633085,
          0.00035163476772465916
        ],
        [
          0.00035924119542631033,
          0.00035163476772465916,
          0.0015111953727391253
        ]
      ],
      "cm_ub": [
        75.0,
        75.0,
        75.0
      ],
      "xs": [
        [
          0.00048261336669352375,
          0.0004106734223692922,
          0.0003786293578031279
        ],
        [
          0.0004106734223692922,
          0.0004985555265646619,
          0.00041065614621125666
        ],
        [
          0.0003786293578031279,
          0.00041065614621125666,
          0.00048258034857901405
        ]
      ],
      "b_to": [
        [
          0.0,
          0.0,
          0.0
        ],
        [
          0.0,
          0.0,
          0.0
        ],
        [
          0.0,
          0.0,
          0.0
        ]
      ],
      "g_to": [
        [
          0.0,
          0.0,
          0.0
        ],
        [
          0.0,
          0.0,
          0.0
        ],
        [
          0.0,
          0.0,
          0.0
        ]
      ],
      "g_fr": [
        [
          0.0,
          0.0,
          0.0
        ],
        [
          0.0,
          0.0,
          0.0
        ],
        [
          0.0,
          0.0,
          0.0
        ]
      ]
    },
    "lc5": {
      "b_fr": [
        [
          0.0,
          0.0,
          0.0
        ],
        [
          0.0,
          0.0,
          0.0
        ],
        [
          0.0,
          0.0,
          0.0
        ]
      ],
      "rs": [
        [
          0.00028624372507521405,
          0.00012998859917512696,
          0.00012119153205667877
        ],
        [
          0.00012998859917512696,
          0.0002941406352699749,
          0.0001299884911853283
        ],
        [
          0.00012119153205667877,
          0.0001299884911853283,
          0.00028624433902157953
        ]
      ],
      "cm_ub": [
        223.0,
        223.0,
        223.0
      ],
      "xs": [
        [
          0.00012239538863209254,
          7.930352037524346e-5,
          2.6869314711363557e-5
        ],
        [
          7.930352037524346e-5,
          0.00016829225790114148,
          7.930355564647985e-5
        ],
        [
          2.6869314711363557e-5,
          7.930355564647985e-5,
          0.0001223942407993661
        ]
      ],
      "b_to": [
        [
          0.0,
          0.0,
          0.0
        ],
        [
          0.0,
          0.0,
          0.0
        ],
        [
          0.0,
          0.0,
          0.0
        ]
      ],
      "g_to": [
        [
          0.0,
          0.0,
          0.0
        ],
        [
          0.0,
          0.0,
          0.0
        ],
        [
          0.0,
          0.0,
          0.0
        ]
      ],
      "g_fr": [
        [
          0.0,
          0.0,
          0.0
        ],
        [
          0.0,
          0.0,
          0.0
        ],
        [
          0.0,
          0.0,
          0.0
        ]
      ]
    }
  },
  "data_model": "ENGINEERING"
}
